LIB TIMES

REAL: 0.027417 s
USER: 0.020000 s
SYS: 0.000000 s


SYS TIMES

REAL: 0.811477 s
USER: 0.250000 s
SYS: 0.550000 s
