LIB TIMES

REAL: 0.027823 s
USER: 0.020000 s
SYS: 0.000000 s


SYS TIMES

REAL: 0.821063 s
USER: 0.270000 s
SYS: 0.550000 s
