LIB TIMES

REAL: 0.023126 s
USER: 0.020000 s
SYS: 0.000000 s


SYS TIMES

REAL: 1.263678 s
USER: 0.340000 s
SYS: 0.920000 s
