LIB TIMES

REAL: 0.034893 s
USER: 0.030000 s
SYS: 0.000000 s


SYS TIMES

REAL: 1.361376 s
USER: 0.400000 s
SYS: 0.950000 s
