LIB TIMES

REAL: 0.006192 s
USER: 0.000000 s
SYS: 0.000000 s


SYS TIMES

REAL: 0.163181 s
USER: 0.080000 s
SYS: 0.070000 s
