LIB TIMES

REAL: 0.037863 s
USER: 0.030000 s
SYS: 0.000000 s


SYS TIMES

REAL: 1.904361 s
USER: 0.770000 s
SYS: 1.130000 s
