LIB TIMES

REAL: 0.037289 s
USER: 0.030000 s
SYS: 0.000000 s


SYS TIMES

REAL: 1.837726 s
USER: 0.740000 s
SYS: 1.090000 s
