LIB TIMES

REAL: 0.193134 s
USER: 0.190000 s
SYS: 0.000000 s


SYS TIMES

REAL: 0.684396 s
USER: 0.410000 s
SYS: 0.270000 s
