LIB TIMES

REAL: 0.196851 s
USER: 0.190000 s
SYS: 0.000000 s


SYS TIMES

REAL: 0.693391 s
USER: 0.410000 s
SYS: 0.280000 s
