LIB TIMES

REAL: 0.006522 s
USER: 0.000000 s
SYS: 0.000000 s


SYS TIMES

REAL: 0.182655 s
USER: 0.080000 s
SYS: 0.090000 s
