LIB TIMES

REAL: 0.005346 s
USER: 0.000000 s
SYS: 0.000000 s


SYS TIMES

REAL: 0.170840 s
USER: 0.070000 s
SYS: 0.090000 s
